010110011101
101100111000
100100000011
111000010001
001100010011
010000111100
001000100011
001000100111
010001111110
111101001011
011000101011
111100111001
100101111011
101100110110
101010111001
001111000110
001001101000
101011001010
011101111010
011101001010
011001000001
100001010000
111011001101
000111110111
010011001111
000111011001
111000010100
101001100100
110010001101
111110101000
011001100010
110010110101
010000001101
100000000100
110111011110
110001100110
001011110111
110000011110
110110101010
101001100110
010000001010
100010100100
101000111101
111000001011
000000100100
100111010110
010101011100
011111010100
100000001100
111000011110
010001001011
100110000101
001111111000
110110111001
011100010111
111011101001
100010101010
110110100101
101110110100
000110111011
100100000110
111011111101
111001111001
110011101000
100110111111
000010100010
011010010101
110101100001
000100100001
000111010000
001001000111
110111110101
000100010111
110000000111
101111011001
001010001100
000010001010
001010111100
110101111011
100101001110
000100101010
101110001110
110110010010
110100000000
001000101110
110111110000
001111011100
111010000000
101000100100
010010111101
110110111000
001001100101
010111110111
010010001010
000100011100
001111110011
000100101110
011000010010
111000000011
001110100110
110111110001
011111110100
010010001101
011000100101
110011011110
100110101001
100101010111
010100010111
101101110001
011101110111
110101011000
001100101011
110101100011
110100101011
000110101100
101100110111
111101011011
000001100010
010010101100
110001001001
111111100001
110111010111
101100001011
000100011110
000011101010
101011000110
101011110011
010101001100
100011111011
111111001001
000100111001
011011011000
100001110000
000001011100
101100101010
011110110011
111111101001
000000100010
111111001000
001110000110
100000100100
001111001000
001100101100
001001100100
010010100010
110111101101
111011100100
110001111001
101111101011
000110100001
010011111011
110101010100
100000111111
110101010010
110101100111
001011111000
100110011000
100100010111
101110101001
110110110111
001000011001
100010111011
000011010010
111111100110
011101011001
101101011000
101011101101
101101100001
111001000110
000011010011
110111001100
000100010110
010110001001
000110110101
100010001011
000010001001
111001100110
011100101001
111010010001
000000011110
101111000110
111110001010
100001111010
000011110111
011100000010
011110000010
010010001011
110010000100
011101011101
000010110101
010111111110
010110000011
111100101011
101000111110
011101110110
101000100101
000110010001
010010001001
001001011001
100000101100
000100011111
101100001101
100111000100
011111000101
011000000011
100101100000
100111011000
111110011111
001111001010
000100100101
001111010011
000111100010
001100010100
111111001100
110000100001
000001011010
001001101101
101111101110
110100111101
010001110011
000011000111
011010100111
111110101001
111011111110
010110100001
001111000100
100010110111
101101100100
111110011000
000111101101
010111001010
000010110111
011100100100
001110100100
000111101110
100110110111
110010110100
001011000011
100010100011
111011100010
011001001000
111100000011
011110110000
110101011011
001011110000
110100110010
100111011001
101100010100
001011010111
011101011000
110000001010
101001010100
010111011011
001000010101
001100111001
010000001001
101001000000
101101100101
110101111111
011010001011
111101111000
111000110011
000001000011
110101110110
111101100001
000111000001
000111000011
100111101101
100101001111
101010000010
001010001110
000101110001
001010000101
101001001100
001110100001
110010011001
111110000000
100100010010
010011011111
001101010001
000110101000
010101101000
000010100001
010110010011
000001001010
100011100110
101001010011
001000011101
000000110001
100010000110
010110010101
100001110110
010010010010
010001000000
110011001010
010011011001
111101101001
000110111001
001101110101
000010110110
000101001011
000110000000
001100001001
100100111000
110100010101
000110001010
110100110011
011101001100
001000000111
010100101001
100011011100
000001100001
000000001011
110000100010
001111110111
111001011110
011100010110
100010011011
100000010000
111100100101
100011011001
000001101111
100111010011
011001100101
010101101001
110010110111
100111111111
111010111101
000101000110
100101001011
000001011011
000111001100
011000101010
101010000100
101001100000
100111101000
101000001111
010110010111
000011010110
011011010111
010000101000
011110010001
101010001101
110100011111
010100011010
101110100101
101101111101
001110011010
100001110101
011011011101
011110011110
110110001110
110000000100
101010011011
101101111001
011110101010
001110000011
101001110111
101010110111
000011001000
011010100010
000101101101
000101000001
000101011110
010011101000
011001111110
101111000011
111001010011
001010000111
001100000111
000101101000
001111100011
000001000101
010000010010
010110011011
011011010000
111001010000
100111010001
011110001111
010011000101
010111111010
001111001011
000000001111
011010011101
111110000111
000101001101
111000110101
100011101110
011100011001
010100010100
011001000111
011101000001
110011111111
100011010001
101100100110
001011001010
110000000000
111011101010
111010110001
100101110001
011001110000
001110010000
111010001110
010101100111
000000100101
100111001110
001001001101
100101110100
101110000000
101001111111
101100001100
011110011001
010011100101
000001100110
010000111111
011001010011
011011000110
000000010001
001100010111
000111100011
011111001111
010111101111
101111011011
110101110000
011001001101
001101011110
000110011110
110010000111
111111100111
010101001101
111111000000
001001011111
010110000100
111111000110
010011000110
010111101000
111010111100
111111111001
011011000010
001101110111
000001111100
111001101110
111111101110
000001111101
001101011001
100111000011
110001010111
011001010010
011110111110
110100111110
011100001011
010010111000
001101100101
111001111110
101011001111
011010010001
011100101010
000010111010
000101100100
110100110110
010010110000
110111010011
010110000000
111100010100
010110110011
001001111000
110000101001
101110010111
011001111001
101001100011
111011101101
100011000001
010000011010
000111111101
111000101110
000100001101
101000100010
001001011101
100010010011
011010100000
101111100010
000010000011
101101011111
111111000001
110001000100
011000111011
111101011001
010011111111
010011001001
000110010000
001110101001
111101000000
011111011011
010000011110
101101011101
110011110000
001111100000
011011010101
110010011011
001110010110
010100011100
000001111001
111000101011
101011010001
101100101000
111000001001
010010000111
001000101010
101000010111
000001101011
001011111111
010011111010
111001011101
101111001010
010011011110
001111010000
011001101110
101011100100
010010011101
101010010010
011001000011
101000000011
110101001101
011111000000
010000010001
111100011010
101100011110
000001010001
110101101101
010001000100
100001001001
100100000001
101111101010
111101010001
001010011000
100010101110
000100010001
010011010110
110000111001
100001100110
100110110011
000010111011
010110001100
010001100100
101100001111
001001101111
000011111001
010111010011
011001101000
111011001000
110111000000
111000011101
011101100011
010001100000
100111101100
001010110000
000001101110
101000111011
100111110010
100111001011
110001110101
000001111011
001110101011
000110001001
010001000101
111000101001
000101010001
011011011110
110000011111
